31 -0.0135052  -0.209421   0.977732 -0.0948567
30  -0.253442 -0.0184272   0.967175   0.255606
13   0.240043 -0.0223757   0.970504  -0.311642
12   -0.260661 -0.00652934    0.965408   0.0417889
11 -0.0146478  -0.262046   0.964944  -0.323724
10 -0.0185928  -0.248901    0.96835  -0.351161
9  -0.00642  0.226961  0.973883 -0.204367
8 0.000792293    0.237766    0.971322   -0.404986
7   0.238932 -0.0241848   0.970735  -0.505494
6  -0.259299 0.00827319   0.965762 -0.0105511
5   0.241372 -0.0129325   0.970347  -0.546613
4 -0.255592 -0.005104  0.966771 0.0813474
3     0.23024 -0.00781814    0.973102    -0.73575
2 -0.004099  0.237425  0.971397 -0.307855
1 -0.0157363  -0.244226   0.969591  -0.258113
14 -0.0108372  -0.255675   0.966702   -0.22593
15 -0.0252561  -0.277856   0.960291  -0.422519
16 -0.0161516  -0.256065   0.966525 -0.0112686
17 -0.00084271    0.256997    0.966412   -0.368911
18 -0.263343 0.0356079  0.964045 0.0113351
19   -0.267776 -0.00295893    0.963477   -0.079603
20 -0.00126504    0.208695     0.97798   -0.135202
21  -0.259102 -0.0101346   0.965797  0.0198091
22 -0.00962829 -0.00565479    0.999938  0.00297509
23   0.240843 0.00903292   0.970522  -0.523063
24 -0.0111549   0.259617   0.965647  -0.456865
25 -0.0596958   0.241449   0.968576  -0.270557
26 -0.00867863    0.223762    0.974605   0.0402941
27 -0.0204887  -0.219086   0.975491  0.0608988
28  -0.258102  0.0166289   0.965974 -0.0741684
29 -0.264913   0.01471   0.96416  0.195414
