11 -0.0297638 0.00608881   0.999538    0.12427
10 -0.0106185  0.0599772   0.998143  -0.481449
9 -0.00670738 -0.00601028    0.999959  -0.0907799
8 -0.0027491 -0.0162905   0.999864    -3.6817
7 0.00726438 0.00343667   0.999968 -0.0923462
6   -0.226947  0.00593673    0.973889 0.000614531
5    0.223402 -0.00207328    0.974724   -0.330403
4   0.00177721 -0.000996802     0.999998    -0.132317
3 -0.00517348   -0.227546    0.973754   -0.312889
2  0.230366 0.0045932  0.973093  -0.52235
1 -0.00196843  0.00331321    0.999993   0.0230877
