23  -0.418785 -0.0153346   0.907956    1.94841
22  -0.224509 -0.0156754   0.974346    1.26989
21 -0.166421 -0.216952  0.961892   1.50936
20 -0.148868 -0.203474  0.967697   1.36386
19  -0.414885 0.00387807   0.909865    1.66226
18 -0.200109  0.219676  0.954829   1.55194
17  -0.406362 -0.0512931   0.912271    1.74372
16  -0.421954 -0.0512855   0.905165    1.66559
15   -0.422308 0.000430979    0.906452     1.77822
14 -0.203818  0.226876  0.952358   1.32661
1 -0.194761  0.271976  0.942389  0.831847
2   -0.407461 -0.00491088     0.91321     1.82463
3 -0.18845 0.236611 0.953154  1.09423
4 -0.193085  0.259151   0.94634   1.12891
5 -0.143457 -0.258148  0.955395   1.06727
6 -0.149525 -0.253899  0.955603   1.17952
7  -0.427183 -0.0412974   0.903221    1.82949
8  -0.2073  0.24212 0.947842  1.14341
9 -0.413279 -0.027598  0.910186   1.74337
10 -0.206272  0.214914  0.954601   1.42857
11  -0.176639 0.00248891   0.984273    1.50182
12 -0.026874  0.164741  0.985971   1.36197
13 -0.194795  0.258572  0.946148   1.19687
